8
150
500.000000 0.000000 300.000000 0.000000 500.000000 300.000000 0.000000 0.000000 1.000000
1.000000 0.000000 0.000000 0.000000 1.000000 0.000000 0.000000 0.000000 1.000000
1.000000 -0.000142 -0.000241 -0.000070 0.706054 -0.708158 0.000271 0.708158 0.706054
0.999999 -0.000436 -0.000901 -0.000902 -0.001927 -0.999998 0.000434 0.999998 -0.001928
0.999999 -0.001085 -0.000513 -0.001131 -0.709245 -0.704961 0.000401 0.704961 -0.709246
0.999999 -0.001520 -0.000263 -0.001519 -0.999995 0.002943 -0.000267 -0.002943 -0.999996
0.999999 -0.001093 0.000980 -0.001466 -0.704820 0.709385 -0.000084 -0.709385 -0.704821
0.999999 -0.000036 0.001521 -0.001521 0.003522 0.999993 -0.000041 -0.999994 0.003522
0.999999 0.000961 0.000617 -0.001117 0.709590 0.704614 0.000239 -0.704614 0.709590
0.000000 0.000000 0.000000
0.000045 0.923402 0.383833
0.000126 1.304353 1.308429
-0.000581 0.920089 2.231652
-0.001854 -0.004816 2.611849
-0.003232 -0.927585 2.226499
-0.003808 -1.306998 1.301272
-0.003348 -0.920973 0.378784
-0.285788 0.081664 1.417023
-0.188365 0.432325 1.884289
-0.120165 -0.087085 1.477970
-0.082439 0.434485 1.156624
-0.229566 0.770822 1.327908
-0.595780 -0.263449 1.563250
0.048994 0.058067 1.612965
-0.542346 0.061487 1.681573
0.120959 0.099163 1.187136
-0.192572 0.003109 1.416737
-0.647777 -0.533899 1.720806
-0.537276 -0.121916 1.031833
-0.033445 0.131139 1.421896
-0.381589 0.053426 1.297811
-0.226538 -0.013448 1.297814
-0.304128 -0.663788 1.350544
0.045772 0.085183 1.133342
-0.327083 0.220321 1.168250
-0.327612 0.269626 0.930318
-0.314947 0.192516 1.072776
-0.377485 -0.150209 1.230208
-0.176082 -0.381712 1.178197
-0.441958 -0.464140 0.955196
-0.179404 0.006684 0.871105
-0.242743 0.024586 1.050335
0.386354 0.002474 1.757468
0.470422 -0.009590 1.832050
0.431379 0.110907 1.372452
0.465387 0.106615 1.399118
0.449905 0.227257 1.305456
0.217765 -0.172581 1.708339
0.482628 -0.218024 1.143823
0.134979 -0.130489 1.679226
0.404959 0.516462 1.338414
-0.029127 0.097015 1.158059
-0.055177 -0.180933 1.901206
0.120305 -0.106070 1.287627
0.520900 0.017073 0.654662
-0.031972 -0.220201 1.140756
0.639868 0.179895 1.109098
0.403663 -0.596523 1.616227
0.425157 -0.502182 1.484170
0.267546 -0.217269 1.061071
0.450079 0.416523 1.044741
0.141338 0.076946 1.222748
0.125192 -0.430010 1.712606
0.072517 -0.396661 1.518331
0.259686 -0.047668 0.728280
0.091741 -0.006167 1.089932
0.131175 -0.110408 0.931227
-0.156608 0.113072 1.851770
0.228728 -0.165096 1.432088
-0.125881 0.118952 1.716562
0.237225 0.304178 2.083879
0.637419 0.038500 2.100293
-0.215741 0.161828 1.578833
-0.067597 0.002329 1.524208
-0.208877 0.292314 2.011687
-0.043946 0.199194 1.860813
-0.012500 -0.297354 1.348211
-0.401833 0.285840 1.272917
-0.111806 0.319718 1.861134
-0.349621 0.402315 1.618960
0.314637 0.255629 1.669681
0.196771 0.269263 1.826507
0.023900 0.275045 1.445961
-0.157754 0.405813 1.380861
0.050768 0.401371 1.403645
-0.032097 0.026650 1.404184
0.127738 0.640409 1.242951
-0.283072 0.465611 1.424128
0.228474 0.430305 1.648270
-0.091227 0.222601 1.144724
0.301727 0.267431 1.392589
0.107344 0.361265 1.147132
-0.392337 -0.581496 1.684316
-0.514326 -0.406993 1.582859
0.119400 -0.033351 1.373988
-0.098303 -0.483129 1.668628
0.201674 -0.126373 1.304825
-0.288740 -0.541514 1.233637
-0.182362 -0.182113 1.415221
-0.148317 -0.673669 1.232959
0.027294 -0.441642 1.362646
0.265633 0.033757 1.172014
-0.360255 -0.264045 0.857297
-0.457917 -0.387378 1.135080
-0.025207 -0.348278 1.095619
0.259745 -0.116067 1.005452
0.343673 0.056077 1.216470
-0.208853 -0.084968 0.967659
0.078250 0.294643 0.706598
-0.115075 -0.099864 1.159816
0.018420 0.120589 1.227700
0.313566 -0.499771 0.964633
-0.397745 0.211446 0.701095
-0.298755 -0.035908 0.814569
-0.137502 -0.183507 1.151571
0.216245 0.254109 1.005232
0.368854 0.375086 1.131784
-0.085361 -0.137681 1.778957
-0.375726 0.229959 2.004785
-0.099362 0.187068 1.784641
0.559846 -0.040161 1.750173
0.158984 -0.011188 1.460568
-0.577603 0.056046 1.523645
0.145056 -0.172074 1.446624
0.044418 0.092121 1.474995
0.380909 -0.080067 1.357531
0.483511 -0.371969 1.303184
-0.126016 -0.265914 1.441247
-0.218001 -0.446431 1.688268
0.070298 -0.216768 1.144038
0.019558 0.117934 1.400744
0.330755 -0.517518 1.334482
0.174167 -0.081812 1.419831
-0.163573 -0.437117 1.548883
-0.187198 -0.106133 1.702384
0.032931 -0.466038 1.464753
0.303910 -0.349246 1.666984
-0.441320 -0.173686 1.193347
-0.142904 -0.574462 1.621883
-0.347988 -0.630976 1.458635
0.109857 0.023439 1.183458
0.138662 -0.340454 1.025042
-0.013408 0.364032 0.904131
-0.096964 0.396920 1.065125
-0.047022 0.395006 1.347612
0.328067 0.197209 1.173900
0.180125 -0.102386 1.693921
0.194278 0.178609 1.281206
0.138990 0.338509 1.108918
0.022899 0.199758 1.432417
0.595970 -0.220095 1.096219
0.419173 0.172761 1.050094
-0.182790 0.060621 1.001717
-0.285888 0.167993 1.108457
0.003856 0.068963 1.225957
0.122781 0.100722 0.989513
0.003410 0.104816 1.088762
-0.424262 0.077325 1.004218
-0.028683 -0.129802 0.910230
0.004749 0.390394 1.318370
0.427019 0.102817 0.945460
0.374629 0.137405 1.055021
-0.401784 0.157468 1.061199
0.046332 -0.035999 1.278736
0.174159 0.074368 0.895389
0.320590 0.201992 0.825641
0.533807 -0.088290 1.017450
222.046850 299.995361
217.509305 329.222755
212.357762 361.972851
206.584291 399.069577
199.983711 441.399529
217.445379 270.875454
212.356354 300.025988
206.590876 333.036188
200.013557 370.673972
192.386653 414.101675
212.368018 238.055616
206.583171 266.947897
199.941443 299.990474
192.433743 338.085786
183.521765 382.371409
206.597649 200.918848
200.008097 229.281335
192.411818 261.979937
183.520395 299.980621
173.039882 344.887657
200.009464 158.593311
192.439913 185.892180
183.511157 217.658208
173.094216 255.149810
160.560284 300.026334
377.956975 299.986008
382.532213 329.131037
387.570853 361.961618
393.387732 399.069853
400.003423 441.479912
382.455987 270.795387
387.665563 299.983563
393.380504 333.023565
400.016525 370.688420
407.611155 414.088137
387.619163 238.033970
393.395546 266.975152
400.025507 300.047428
407.650944 338.025613
416.498630 382.341607
393.398483 200.887830
399.992838 229.275093
407.621431 261.944100
416.485746 300.032103
426.953289 344.880688
400.014991 158.554837
407.585617 185.817720
416.482165 217.641292
426.911554 255.127259
439.417243 299.957741
222.070964 300.006958
261.015180 300.021107
299.939888 300.009999
338.975570 299.994941
377.968575 300.051106
217.522703 329.203497
258.711164 329.179604
300.002101 329.162684
341.240771 329.183080
382.519388 329.183145
212.409641 361.957548
256.182643 361.939468
299.998337 361.918853
343.797244 361.957200
387.613310 361.939732
206.606077 399.046182
253.287273 399.059919
300.004072 399.053040
346.698181 399.053373
393.355275 399.118865
199.989438 441.433587
250.009105 441.438218
300.006404 441.435073
350.011476 441.417485
399.956654 441.389621
199.992730 158.625976
250.025152 158.592190
300.003371 158.594135
350.006278 158.599050
399.938806 158.560970
192.403222 185.850638
246.203624 185.901618
299.975455 185.900773
353.821664 185.856077
407.602845 185.798662
183.552501 217.686473
241.789418 217.608748
299.985136 217.612989
358.190765 217.621811
416.505091 217.648060
173.062553 255.159317
236.517474 255.153520
299.977489 255.132157
363.484830 255.104265
426.958383 255.162820
160.580388 299.985321
230.289058 300.042361
299.999507 299.956722
369.716879 299.970867
439.461472 300.001121
222.001765 299.993513
261.064503 300.022874
300.016598 299.952271
338.957526 300.031932
377.967451 299.996154
217.518516 270.844019
258.718506 270.819301
299.935298 270.879401
341.211809 270.811723
382.513103 270.808138
212.391481 238.028308
256.199049 238.048391
300.036507 238.023820
343.840094 238.044430
387.646067 238.041430
206.654049 200.936982
253.305844 200.894616
300.004581 200.911526
346.718389 200.940822
393.380002 200.986232
199.991891 158.555041
249.996271 158.584941
299.977534 158.546521
349.957368 158.575093
399.974448 158.568556
200.008586 441.453259
250.035995 441.419457
300.019168 441.366600
350.014639 441.429260
399.989311 441.445482
192.362429 414.151972
246.183691 414.081906
300.021406 414.139454
353.766906 414.130589
407.608735 414.132291
183.553477 382.342471
241.798927 382.385656
299.973811 382.359042
358.234876 382.333813
416.468653 382.351606
173.033932 344.944326
236.548499 344.876354
300.030127 344.816969
363.518293 344.781871
426.900180 344.874684
160.504537 299.977671
230.321106 300.002972
300.013596 300.003153
369.741909 299.993133
439.397236 300.022510
216.643427 383.307622
209.042981 390.901816
200.059279 400.002559
188.854189 411.097425
174.999316 425.017709
216.628880 341.672951
209.179556 345.447973
200.000270 349.988509
188.858595 355.573294
175.014397 362.493143
216.678131 299.985206
209.074884 300.007108
199.944655 300.045007
188.909748 299.990014
174.975950 300.009789
216.732232 258.343301
209.054915 254.596164
199.977067 249.973673
188.881131 244.433875
174.990343 237.479675
216.626147 216.680715
209.100340 209.076695
200.026590 200.077014
188.885293 188.852622
175.008727 175.045135
383.381086 383.344793
390.903831 390.848194
400.060204 400.003316
411.098751 411.116686
425.037006 424.997909
383.344041 341.703710
390.877517 345.438304
399.998793 350.022786
411.102417 355.517332
425.036706 362.478497
383.318909 300.036117
390.938216 300.007011
399.999582 299.948318
411.087701 299.995991
425.000754 300.008072
383.331682 258.327695
390.909591 254.516878
399.995576 249.970714
411.124263 244.449642
424.960642 237.483469
383.365907 216.637462
390.961581 209.110105
399.960519 200.048550
411.051454 188.916125
425.014454 175.013589
216.724712 383.308630
258.344936 383.331904
299.981772 383.281792
341.700714 383.347408
383.349331 383.365682
209.083450 390.919805
254.567881 390.915981
300.042698 390.870753
345.465207 390.878464
390.871767 390.883675
200.021163 399.963213
250.034097 400.007313
299.975088 400.033127
349.982729 399.988583
400.009556 399.997461
188.939168 411.094758
244.487767 411.124523
300.016092 411.100655
355.591079 411.117286
411.115084 411.095424
175.028195 424.959136
237.476244 425.019889
300.017564 424.993490
362.479126 424.953644
425.109305 424.976946
216.660323 216.644154
258.339270 216.662307
299.947595 216.619865
341.649168 216.712552
383.319717 216.683787
209.111313 209.126944
254.570237 209.109519
300.016995 209.097692
345.524730 209.108464
390.901618 209.080153
200.040395 200.024041
249.983641 199.993999
299.972429 199.987601
350.004934 199.980869
399.982649 199.968272
188.900073 188.882846
244.400784 188.903000
300.025638 188.847811
355.526267 188.867417
411.022559 188.893822
175.020765 175.038040
237.554053 174.975805
299.958664 174.979679
362.538840 175.012623
424.980215 174.953060
216.692144 383.325504
258.299577 383.344702
299.986895 383.347058
341.641156 383.366788
383.308824 383.336808
216.649730 341.691869
258.320210 341.706724
299.968511 341.707332
341.674643 341.677707
383.301714 341.676110
216.720206 300.028238
258.321462 300.021551
299.980538 299.994664
341.699769 300.001342
383.359355 299.988112
216.650493 258.372880
258.317760 258.333117
300.014290 258.323908
341.639063 258.306122
383.287455 258.327836
216.652489 216.653389
258.337283 216.672631
300.012321 216.594257
341.639777 216.673688
383.381654 216.698385
175.002577 424.974196
237.530312 425.007624
300.032776 424.999172
362.487985 425.008249
424.991377 425.064560
174.993908 362.484926
237.464001 362.502576
299.948119 362.544594
362.533449 362.496471
424.970215 362.538332
174.975363 300.003331
237.506106 299.981985
299.986132 300.025015
362.506939 300.035690
425.009373 299.944802
174.961732 237.497764
237.536207 237.522199
299.970863 237.499158
362.467579 237.471315
425.011742 237.486537
174.976627 174.960221
237.571560 174.989157
300.022538 175.012571
362.546893 175.029006
425.002899 174.971289
200.044117 441.445457
192.344773 414.098480
183.546569 382.350227
173.030852 344.887887
160.535938 299.976866
206.590960 399.003896
199.996745 370.678307
192.405836 338.052980
183.532735 300.004997
173.071756 255.119675
212.370388 361.999687
206.642817 333.061442
200.013078 299.970800
192.374162 261.951577
183.533405 217.652572
217.476712 329.177180
212.371015 299.992226
206.636018 266.993670
199.992404 229.233022
192.377203 185.843009
222.034567 300.014812
217.526137 270.762730
212.442177 238.071978
206.553970 200.953219
200.030009 158.612365
400.005559 441.427553
407.634710 414.229499
416.462461 382.375343
426.859163 344.902072
439.453714 299.992601
393.427203 399.056942
400.065426 370.708960
407.610691 338.004091
416.456524 300.018400
426.883325 255.115470
387.631922 361.948037
393.349564 333.031998
399.970042 299.977631
407.582840 261.957874
416.480470 217.590436
382.456641 329.157785
387.567726 300.057213
393.425048 266.974550
399.971642 229.289899
407.641461 185.870804
377.969463 299.997847
382.513490 270.816611
387.531963 238.050141
393.345954 201.026280
400.024991 158.589828
199.988186 441.461803
250.003071 441.468498
299.992887 441.410557
350.019663 441.450206
399.990062 441.456244
192.391629 414.129699
246.182629 414.162931
300.034718 414.169211
353.803361 414.129134
407.642073 414.125535
183.507062 382.328078
241.800531 382.394426
299.999716 382.349064
358.253769 382.339960
416.460443 382.353920
173.061663 344.853549
236.578389 344.921808
299.935440 344.886674
363.451811 344.824803
426.918136 344.843685
160.562346 300.004948
230.295144 300.056310
299.963501 300.008882
369.785662 300.056692
439.433228 299.973607
222.097455 299.998513
261.016148 299.992578
299.979021 300.000349
338.939736 299.967375
377.930785 300.023258
217.487982 270.832240
258.767454 270.788314
299.987715 270.848797
341.269213 270.799937
382.498638 270.845196
212.441999 238.067868
256.216150 238.056567
299.920748 238.027527
343.877961 238.045873
387.657322 238.105477
206.624826 200.963728
253.372241 200.953874
300.016008 200.927154
346.685203 200.912317
393.387547 200.989352
199.980219 158.618995
249.974720 158.554637
299.998802 158.620899
349.965315 158.505046
399.985653 158.572991
199.961046 441.406007
249.978588 441.445063
300.007420 441.455528
349.973536 441.422821
399.959383 441.412482
206.601439 399.044124
253.325729 399.085136
300.011918 399.084932
346.711932 399.064039
393.414863 399.068828
212.428485 361.983190
256.177379 361.926349
299.992571 361.935844
343.770311 361.918389
387.668305 361.989697
217.516444 329.136277
258.759455 329.138528
299.997762 329.206100
341.219710 329.180346
382.518133 329.174905
222.014575 300.007622
261.042149 300.023978
299.977423 299.981760
338.964956 300.042936
377.944903 300.059900
160.588764 299.984596
230.263089 300.020505
300.045927 299.954706
369.745327 299.961859
439.441582 300.023194
173.048981 255.055777
236.562855 255.064163
300.023796 255.104410
363.457784 255.099804
426.956932 255.081408
183.525760 217.724605
241.749861 217.630087
300.046536 217.692521
358.199020 217.644920
416.487582 217.631023
192.373996 185.814862
246.205959 185.897280
300.011043 185.873325
353.865866 185.847048
407.576395 185.862551
199.956959 158.563234
250.047924 158.555901
299.932758 158.544553
349.957623 158.587124
399.999507 158.578192
175.018980 425.043639
174.974700 362.531415
175.016102 299.981933
175.021204 237.547157
175.055350 174.969683
188.847262 411.096142
188.870047 355.533310
188.863361 299.983735
188.949310 244.456153
188.859227 188.921369
200.023542 400.017074
200.002965 349.986713
199.984993 299.972180
199.976265 249.933830
200.019507 199.977208
209.095684 390.888280
209.093542 345.476816
209.100867 299.994465
209.035791 254.541296
209.097376 209.066922
216.628932 383.336643
216.723505 341.651019
216.731709 300.012524
216.659771 258.325277
216.655933 216.669697
424.958689 424.974503
424.961524 362.495958
424.997803 300.013013
424.991601 237.489597
424.941809 175.040681
411.049575 411.176166
411.091335 355.521373
411.128002 300.039465
411.140486 244.458400
411.109668 188.866266
399.997237 399.998958
400.001805 350.025646
399.982086 300.033040
400.004496 249.959384
400.018998 200.028347
390.866715 390.904006
390.935259 345.432968
390.908594 299.980738
390.873706 254.541332
390.858120 209.078232
383.332684 383.329000
383.343428 341.643405
383.373523 300.006382
383.381432 258.269072
383.304882 216.673165
174.967133 425.025367
237.425043 424.974743
300.032646 424.965115
362.510559 425.030769
425.048447 424.989089
175.067977 362.485646
237.548220 362.448026
299.963815 362.453583
362.431214 362.515870
425.013035 362.509041
175.006584 299.941298
237.536139 299.973106
300.012308 300.016401
362.506103 300.021842
425.003780 300.014459
174.975938 237.463505
237.486113 237.470648
300.013117 237.489759
362.506074 237.513222
425.017679 237.503500
174.994798 174.984152
237.450658 174.997929
299.985375 175.012511
362.518554 174.984280
424.966064 175.013959
216.659712 383.374417
258.361385 383.330205
299.949183 383.340729
341.646231 383.320219
383.316176 383.305939
216.627501 341.665812
258.326293 341.712356
299.981545 341.643337
341.672193 341.692295
383.372274 341.651309
216.657184 300.009103
258.332624 299.982965
300.019928 300.003689
341.690942 299.993741
383.355821 300.021632
216.659166 258.294011
258.346761 258.331225
300.035699 258.325705
341.678320 258.331469
383.315934 258.332606
216.680453 216.658572
258.317637 216.686180
299.972852 216.625282
341.669989 216.631735
383.287511 216.669789
175.016651 424.982293
237.513056 424.959377
300.000058 424.965203
362.471685 424.972382
424.931048 425.021733
188.836581 411.110210
244.454203 411.083584
299.998918 411.176059
355.586009 411.098154
411.089424 411.102748
199.971241 400.015242
249.989232 399.925758
300.040883 400.005577
350.025713 399.992074
399.984196 399.982604
209.018954 390.925859
254.617216 390.911951
300.017217 390.944487
345.463748 390.941130
390.949878 390.875553
216.683766 383.367731
258.334991 383.343102
300.026371 383.367680
341.670214 383.350726
383.283747 383.351305
174.953046 175.008959
237.501424 174.982738
300.010254 175.027430
362.506139 174.981893
424.964798 175.011569
188.852511 188.861761
244.445453 188.832264
299.995400 188.832305
355.608886 188.893753
411.118185 188.891292
200.041782 200.001304
250.035604 200.025224
299.938525 199.995731
349.980696 200.050526
399.961160 200.014128
209.077511 209.063043
254.550841 209.048172
299.977331 209.139095
345.439270 209.077319
390.892467 209.130876
216.728618 216.633657
258.316987 216.735953
299.989939 216.612181
341.677447 216.639560
383.270266 216.670582
160.576437 299.969162
173.022520 255.062396
183.568029 217.661159
192.420114 185.831277
200.022230 158.543793
173.043873 344.865270
183.525872 299.968225
192.404342 261.955477
200.001257 229.341881
206.559327 200.959463
183.532917 382.335702
192.363186 337.990937
199.965249 299.938098
206.595185 266.988038
212.398977 238.029483
192.384739 414.125417
200.028568 370.704526
206.598509 333.028253
212.400499 299.896678
217.445604 270.832177
200.028613 441.399937
206.611368 399.016905
212.322483 361.952677
217.524806 329.147416
222.041800 299.986219
439.449871 300.010036
426.894242 255.210017
416.466021 217.627062
407.580915 185.887012
399.997802 158.579584
426.975345 344.864550
416.443057 299.982432
407.571083 261.902947
400.024169 229.327203
393.406357 200.994464
416.424298 382.317514
407.636027 338.103847
400.004420 300.005118
393.430738 266.993947
387.596824 238.031662
407.621817 414.121059
399.957511 370.715966
393.410998 333.037986
387.649346 299.991701
382.515476 270.801060
400.080066 441.435834
393.381471 399.045135
387.630745 361.922366
382.494319 329.148889
377.948179 300.027132
160.556712 300.012085
230.244126 300.038820
300.009648 300.037045
369.707512 300.029131
439.440571 300.037885
173.089347 255.144857
236.580463 255.120146
300.013560 255.106586
363.467847 255.032288
426.896665 255.129683
183.491189 217.625706
241.732012 217.651034
300.004773 217.651470
358.233286 217.611792
416.468881 217.591172
192.370328 185.874756
246.147867 185.858595
300.056857 185.897405
353.807232 185.857425
407.577526 185.861787
200.004161 158.567729
249.992238 158.557386
300.017914 158.609170
349.943784 158.586720
400.019234 158.537099
200.000664 441.406284
250.000902 441.465918
300.029835 441.485473
350.028822 441.415779
400.061699 441.406386
206.586318 399.038551
253.361252 399.058722
299.987221 399.101309
346.653400 399.080260
393.393813 399.039646
212.363761 361.951964
256.225006 361.938313
299.973246 361.982338
343.807884 361.995280
387.625924 361.962287
217.501918 329.160936
258.746557 329.117138
299.985773 329.099900
341.265518 329.156175
382.406090 329.144845
222.090319 300.063228
261.018206 300.028270
299.998585 300.033180
338.957396 300.002444
377.939412 300.023445
160.563988 299.985919
230.251562 299.947219
300.001999 300.033007
369.787220 300.015254
439.415551 300.000740
173.090850 344.842603
236.542134 344.857557
299.989211 344.877205
363.455370 344.850233
426.889571 344.855908
183.501618 382.376874
241.752294 382.378892
300.020481 382.347791
358.174435 382.381741
416.477652 382.363598
192.451899 414.097530
246.245112 414.105776
299.960812 414.102159
353.825247 414.110362
407.631537 414.139812
199.975887 441.443481
250.029894 441.462484
299.945738 441.397647
350.002827 441.384878
400.037844 441.418833
199.985254 158.582003
249.980406 158.599786
299.979373 158.569680
350.016668 158.561828
399.971439 158.567714
206.589227 200.930765
253.309285 200.916134
300.021996 200.959713
346.686774 200.948589
393.390642 200.954744
212.379058 238.061871
256.201817 238.065176
299.979254 238.005745
343.809883 238.057655
387.560162 238.073632
217.535065 270.816236
258.721654 270.815197
299.971252 270.816779
341.255806 270.829955
382.536778 270.810809
222.009567 299.992009
261.056319 300.034690
299.959116 299.971510
339.010787 300.027698
377.903921 299.945924
175.027703 174.988079
188.846439 188.889142
200.030727 200.042516
209.026757 209.132545
216.667190 216.640859
175.008586 237.513892
188.876440 244.472365
200.001928 250.032430
209.123473 254.549104
216.718368 258.346918
174.980599 300.012632
188.874727 300.003749
199.990027 300.004918
209.132682 300.043028
216.694862 300.009531
174.973966 362.496128
188.882191 355.566476
199.993316 350.008238
209.126128 345.507445
216.682707 341.633773
174.967121 424.993171
188.906328 411.126765
200.011272 399.965125
209.054772 390.944855
216.667171 383.330400
424.960599 175.020828
411.112151 188.883842
400.039314 199.982912
390.873653 209.089239
383.424585 216.669515
424.973821 237.478253
411.119110 244.469324
399.963618 250.017513
390.898775 254.568722
383.340314 258.342086
425.043762 300.001728
411.066036 300.052370
400.010942 300.013235
390.926738 300.002242
383.282115 300.007159
424.972901 362.533617
411.084058 355.597804
399.992223 349.946107
390.909736 345.496993
383.351289 341.641347
425.017544 424.920010
411.184017 411.142651
400.064692 399.956219
390.924800 390.936280
383.308196 383.317282
174.937409 175.022651
237.457456 175.041405
300.008373 174.970162
362.518564 174.997368
425.012344 175.028376
188.918505 188.902354
244.451071 188.931432
300.058561 188.904589
355.624763 188.852186
411.069621 188.934394
200.001409 199.965073
249.994966 199.988857
299.989667 200.012618
350.004539 199.969715
399.979055 200.017375
209.149125 209.123572
254.527243 209.090526
300.014399 209.057820
345.447599 209.078085
390.919696 209.100543
216.688652 216.648448
258.328966 216.651119
300.011408 216.678621
341.657223 216.732271
383.285387 216.621115
174.953597 425.003416
237.479095 424.964674
300.008816 424.971301
362.475974 425.000057
425.003730 424.978505
188.846949 411.070622
244.485166 411.090186
300.000450 411.087768
355.579318 411.116734
411.148541 411.143893
200.030954 400.024699
249.954497 399.987487
299.985388 400.027661
349.995350 399.975086
400.023201 399.969906
209.079666 390.870810
254.568151 390.898711
299.980968 390.899469
345.437971 390.905368
390.904591 390.966353
216.704678 383.329991
258.331104 383.321953
299.999606 383.368043
341.642857 383.336106
383.322228 383.318659
175.032407 175.033319
237.521405 174.980616
300.026289 175.002559
362.498181 174.988149
424.958608 174.984508
174.984679 237.545807
237.419958 237.460897
300.019855 237.441525
362.552021 237.504226
425.028747 237.500992
175.057995 299.987230
237.491935 300.008110
300.025617 300.040872
362.532298 299.970733
425.016603 299.998674
174.994422 362.528947
237.500456 362.513689
300.026027 362.511124
362.457411 362.524739
424.984448 362.492646
175.016340 424.967318
237.471428 425.012953
300.007812 424.968564
362.533600 425.010002
425.025939 425.009294
216.680292 216.668693
258.308492 216.691176
300.059487 216.664636
341.690687 216.630414
383.332526 216.687200
216.665644 258.332280
258.306006 258.291913
300.020743 258.314809
341.609709 258.323771
383.339242 258.384128
216.675606 299.967602
258.318799 299.931779
299.997935 300.030990
341.703539 299.977166
383.319878 300.033024
216.691495 341.676634
258.363077 341.679420
300.008531 341.709437
341.619563 341.604142
383.353432 341.674157
216.659143 383.341603
258.288208 383.354229
299.989369 383.370639
341.682380 383.345291
383.306044 383.319476
199.950677 158.544484
206.623138 200.904654
212.415178 238.091516
217.528471 270.788112
222.097172 299.979671
192.344708 185.838399
200.008913 229.304402
206.623929 266.972472
212.400963 299.993891
217.513428 329.164007
183.512798 217.639208
192.402547 262.006748
200.010452 299.963599
206.608089 333.031909
212.410774 361.929509
173.050705 255.148572
183.495645 299.995396
192.399214 338.073485
200.010928 370.673096
206.568669 399.078355
160.541866 300.011183
173.099026 344.895309
183.568387 382.319293
192.440758 414.108697
199.999369 441.426351
400.047247 158.592440
393.393481 200.890917
387.595578 238.088319
382.505409 270.786132
377.967779 300.019153
407.624053 185.798469
399.999542 229.300909
393.364431 266.957489
387.585707 299.941338
382.495950 329.205370
416.458377 217.630496
407.631080 262.003574
400.035944 299.957378
393.334647 333.043645
387.612181 361.918372
426.956736 255.137631
416.428987 300.033636
407.635259 338.035862
400.057661 370.664963
393.389978 399.064907
439.446720 299.946507
426.863844 344.838116
416.474869 382.360908
407.634360 414.186216
399.962674 441.419955
200.035386 158.569609
249.976109 158.552225
300.019655 158.614635
349.950613 158.585172
400.011050 158.597897
206.583839 201.016445
253.304568 200.944979
299.963512 200.939163
346.730823 200.948835
393.363628 200.940022
212.431122 237.989281
256.188019 238.055165
299.981277 238.076764
343.801574 238.096606
387.611399 238.086520
217.473036 270.834579
258.763391 270.796150
299.964292 270.784632
341.370619 270.831083
382.486054 270.852627
222.047161 300.006710
260.987938 299.993068
299.972349 300.004729
338.962830 299.978170
377.939337 300.029836
160.579063 299.985186
230.293049 299.988310
299.993143 299.982838
369.712317 299.955695
439.414478 299.971308
173.037840 344.899024
236.537319 344.817440
299.975917 344.849854
363.497590 344.890635
426.963300 344.842992
183.524996 382.323329
241.797073 382.345364
300.019835 382.378447
358.221474 382.381013
416.467634 382.351210
192.355358 414.086261
246.222162 414.115140
299.920586 414.125992
353.784046 414.122323
407.599187 414.131362
199.942967 441.488413
249.947607 441.423591
300.003217 441.370415
349.966466 441.410859
399.995117 441.481347
200.021920 158.637186
249.957714 158.573282
299.965886 158.574999
349.977615 158.573767
399.986884 158.582625
192.407445 185.893313
246.184926 185.897126
299.967320 185.853676
353.817410 185.906505
407.592675 185.838607
183.561448 217.660350
241.774578 217.664077
300.047193 217.634087
358.232721 217.626542
416.471301 217.622318
173.051992 255.105870
236.512271 255.179752
300.019834 255.112437
363.435527 255.118119
426.956324 255.090504
160.540921 300.034768
230.295436 299.945048
299.959278 299.992044
369.702791 299.959042
439.439082 299.999200
222.054683 300.023942
260.990787 299.971382
300.029184 300.000886
338.955124 299.967336
377.971012 299.993007
217.503041 329.140764
258.801176 329.198400
300.003854 329.177838
341.269926 329.203711
382.454866 329.122583
212.370453 361.952011
256.198617 361.925241
299.955203 361.972010
343.793405 361.951316
387.621099 361.991973
206.545109 399.058582
253.300236 399.051482
299.999289 399.098270
346.652761 399.002769
393.407643 398.999336
199.991473 441.397225
250.062640 441.430200
299.998378 441.434910
349.965116 441.406938
399.975763 441.438998
216.642389 216.657742
216.621846 258.370657
216.698172 299.951549
216.655600 341.651627
216.673294 383.344295
209.055132 209.085733
209.073016 254.574194
209.082723 299.991880
209.030021 345.477251
209.090559 390.891440
200.013324 200.028113
200.048392 250.031743
199.983235 300.027374
199.994867 349.947447
199.985248 399.958911
188.950307 188.970387
188.909124 244.403956
188.901930 299.966019
188.917082 355.573421
188.860296 411.077041
174.977038 175.003235
175.037617 237.562967
174.989052 299.971871
174.982483 362.511547
174.997308 424.930935
383.337081 216.670649
383.373439 258.331176
383.419938 300.017759
383.335848 341.669392
383.343968 383.356487
390.882952 209.087505
390.911447 254.627860
390.859142 300.004702
390.914772 345.410563
390.910373 390.869449
399.984860 200.028265
399.984393 250.003719
400.040286 299.998068
400.018806 350.013404
399.997989 400.016313
411.124370 188.878781
411.107660 244.402781
411.124338 299.924968
411.123491 355.531834
411.111475 411.108207
425.033264 175.004996
425.014038 237.496567
424.985663 300.005725
425.052181 362.552298
425.005200 425.002018
216.672695 216.612638
258.295423 216.673320
300.003269 216.685817
341.627526 216.613607
383.348657 216.650514
216.660227 258.287734
258.325497 258.306185
300.059061 258.352636
341.664410 258.288646
383.356434 258.362444
216.725116 300.048162
258.282628 299.976789
300.033369 299.995669
341.712667 299.976766
383.321297 300.011726
216.674473 341.673336
258.310530 341.618667
299.983814 341.709323
341.677195 341.676424
383.301698 341.667832
216.644333 383.293648
258.357976 383.372422
299.959192 383.341012
341.611584 383.354983
383.335293 383.337224
175.011133 175.014102
237.526077 175.011411
299.932910 174.981735
362.478420 175.002148
425.041872 175.004261
175.016239 237.446781
237.524548 237.465640
300.020911 237.529704
362.497888 237.564206
425.002130 237.476710
174.982486 299.952986
237.486476 300.034400
299.966974 300.015425
362.455228 299.986678
424.984899 300.010253
175.003589 362.501304
237.436813 362.546024
299.957846 362.519144
362.555759 362.471722
425.020479 362.527028
175.032114 425.018051
237.526384 425.040587
299.991720 424.944015
362.484944 425.002378
425.041692 425.003179
216.722682 216.619406
258.350889 216.702415
300.059020 216.621299
341.647657 216.634947
383.377442 216.649971
209.128719 209.055000
254.561731 209.056214
300.011139 209.072516
345.390323 209.085351
390.888367 209.096303
199.977200 200.014097
249.983597 199.957802
300.040964 199.910942
350.002771 199.943976
399.974582 200.015709
188.901847 188.901059
244.446659 188.935624
300.009152 188.889647
355.547858 188.892998
411.110061 188.892920
175.041386 175.025017
237.393314 175.011157
299.962120 175.008799
362.513158 175.030017
425.004750 174.963424
216.684913 383.365053
258.373583 383.327641
300.000355 383.345982
341.695034 383.365550
383.370064 383.297123
209.121724 390.919339
254.564579 390.833847
300.016920 390.916582
345.448059 390.893668
390.904375 390.918276
199.974205 399.959902
250.040908 399.977020
299.980005 399.964412
350.000215 399.991808
400.046681 399.987785
188.866755 411.054381
244.440143 411.130500
300.019732 411.108781
355.542766 411.119260
411.118658 411.082870
174.981638 425.009716
237.481109 424.987216
299.990446 425.004566
362.516127 425.005052
425.042824 425.033801
