-2.000000 -2.000000 -2.000000
-2.000000 -2.000000 -0.666667
-2.000000 -2.000000 0.666667
-2.000000 -2.000000 2.000000
-2.000000 -0.666667 -2.000000
-2.000000 -0.666667 -0.666667
-2.000000 -0.666667 0.666667
-2.000000 -0.666667 2.000000
-2.000000 0.666667 -2.000000
-2.000000 0.666667 -0.666667
-2.000000 0.666667 0.666667
-2.000000 0.666667 2.000000
-2.000000 2.000000 -2.000000
-2.000000 2.000000 -0.666667
-2.000000 2.000000 0.666667
-2.000000 2.000000 2.000000
-0.666667 -2.000000 -2.000000
-0.666667 -2.000000 -0.666667
-0.666667 -2.000000 0.666667
-0.666667 -2.000000 2.000000
-0.666667 -0.666667 -2.000000
-0.666667 -0.666667 2.000000
-0.666667 0.666667 -2.000000
-0.666667 0.666667 2.000000
-0.666667 2.000000 -2.000000
-0.666667 2.000000 -0.666667
-0.666667 2.000000 0.666667
-0.666667 2.000000 2.000000
0.666667 -2.000000 -2.000000
0.666667 -2.000000 -0.666667
0.666667 -2.000000 0.666667
0.666667 -2.000000 2.000000
0.666667 -0.666667 -2.000000
0.666667 -0.666667 2.000000
0.666667 0.666667 -2.000000
0.666667 0.666667 2.000000
0.666667 2.000000 -2.000000
0.666667 2.000000 -0.666667
0.666667 2.000000 0.666667
0.666667 2.000000 2.000000
2.000000 -2.000000 -2.000000
2.000000 -2.000000 -0.666667
2.000000 -2.000000 0.666667
2.000000 -2.000000 2.000000
2.000000 -0.666667 -2.000000
2.000000 -0.666667 -0.666667
2.000000 -0.666667 0.666667
2.000000 -0.666667 2.000000
2.000000 0.666667 -2.000000
2.000000 0.666667 -0.666667
2.000000 0.666667 0.666667
2.000000 0.666667 2.000000
2.000000 2.000000 -2.000000
2.000000 2.000000 -0.666667
2.000000 2.000000 0.666667
2.000000 2.000000 2.000000
