0.267949 -1.732051 -1.000000
0.267949 -1.732051 0.333333
0.267949 -1.732051 1.666667
0.267949 -1.732051 3.000000
-0.398717 -0.577350 -1.000000
-0.398717 -0.577350 0.333333
-0.398717 -0.577350 1.666667
-0.398717 -0.577350 3.000000
-1.065384 0.577350 -1.000000
-1.065384 0.577350 0.333333
-1.065384 0.577350 1.666667
-1.065384 0.577350 3.000000
-1.732051 1.732051 -1.000000
-1.732051 1.732051 0.333333
-1.732051 1.732051 1.666667
-1.732051 1.732051 3.000000
1.422650 -1.065384 -1.000000
1.422650 -1.065384 0.333333
1.422650 -1.065384 1.666667
1.422650 -1.065384 3.000000
0.755983 0.089316 -1.000000
0.755983 0.089316 3.000000
0.089316 1.244017 -1.000000
0.089316 1.244017 3.000000
-0.577350 2.398717 -1.000000
-0.577350 2.398717 0.333333
-0.577350 2.398717 1.666667
-0.577350 2.398717 3.000000
2.577350 -0.398717 -1.000000
2.577350 -0.398717 0.333333
2.577350 -0.398717 1.666667
2.577350 -0.398717 3.000000
1.910684 0.755983 -1.000000
1.910684 0.755983 3.000000
1.244017 1.910684 -1.000000
1.244017 1.910684 3.000000
0.577350 3.065384 -1.000000
0.577350 3.065384 0.333333
0.577350 3.065384 1.666667
0.577350 3.065384 3.000000
3.732051 0.267949 -1.000000
3.732051 0.267949 0.333333
3.732051 0.267949 1.666667
3.732051 0.267949 3.000000
3.065384 1.422650 -1.000000
3.065384 1.422650 0.333333
3.065384 1.422650 1.666667
3.065384 1.422650 3.000000
2.398717 2.577350 -1.000000
2.398717 2.577350 0.333333
2.398717 2.577350 1.666667
2.398717 2.577350 3.000000
1.732051 3.732051 -1.000000
1.732051 3.732051 0.333333
1.732051 3.732051 1.666667
1.732051 3.732051 3.000000
