-0.732051 -2.732051 -2.000000
-0.732051 -2.732051 -0.666667
-0.732051 -2.732051 0.666667
-0.732051 -2.732051 2.000000
-1.398717 -1.577350 -2.000000
-1.398717 -1.577350 -0.666667
-1.398717 -1.577350 0.666667
-1.398717 -1.577350 2.000000
-2.065384 -0.422650 -2.000000
-2.065384 -0.422650 -0.666667
-2.065384 -0.422650 0.666667
-2.065384 -0.422650 2.000000
-2.732051 0.732051 -2.000000
-2.732051 0.732051 -0.666667
-2.732051 0.732051 0.666667
-2.732051 0.732051 2.000000
0.422650 -2.065384 -2.000000
0.422650 -2.065384 -0.666667
0.422650 -2.065384 0.666667
0.422650 -2.065384 2.000000
-0.244017 -0.910684 -2.000000
-0.244017 -0.910684 2.000000
-0.910684 0.244017 -2.000000
-0.910684 0.244017 2.000000
-1.577350 1.398717 -2.000000
-1.577350 1.398717 -0.666667
-1.577350 1.398717 0.666667
-1.577350 1.398717 2.000000
1.577350 -1.398717 -2.000000
1.577350 -1.398717 -0.666667
1.577350 -1.398717 0.666667
1.577350 -1.398717 2.000000
0.910684 -0.244017 -2.000000
0.910684 -0.244017 2.000000
0.244017 0.910684 -2.000000
0.244017 0.910684 2.000000
-0.422650 2.065384 -2.000000
-0.422650 2.065384 -0.666667
-0.422650 2.065384 0.666667
-0.422650 2.065384 2.000000
2.732051 -0.732051 -2.000000
2.732051 -0.732051 -0.666667
2.732051 -0.732051 0.666667
2.732051 -0.732051 2.000000
2.065384 0.422650 -2.000000
2.065384 0.422650 -0.666667
2.065384 0.422650 0.666667
2.065384 0.422650 2.000000
1.398717 1.577350 -2.000000
1.398717 1.577350 -0.666667
1.398717 1.577350 0.666667
1.398717 1.577350 2.000000
0.732051 2.732051 -2.000000
0.732051 2.732051 -0.666667
0.732051 2.732051 0.666667
0.732051 2.732051 2.000000
