-1.000000 -1.000000 -1.000000
-1.000000 -1.000000 0.333333
-1.000000 -1.000000 1.666667
-1.000000 -1.000000 3.000000
-1.000000 0.333333 -1.000000
-1.000000 0.333333 0.333333
-1.000000 0.333333 1.666667
-1.000000 0.333333 3.000000
-1.000000 1.666667 -1.000000
-1.000000 1.666667 0.333333
-1.000000 1.666667 1.666667
-1.000000 1.666667 3.000000
-1.000000 3.000000 -1.000000
-1.000000 3.000000 0.333333
-1.000000 3.000000 1.666667
-1.000000 3.000000 3.000000
0.333333 -1.000000 -1.000000
0.333333 -1.000000 0.333333
0.333333 -1.000000 1.666667
0.333333 -1.000000 3.000000
0.333333 0.333333 -1.000000
0.333333 0.333333 3.000000
0.333333 1.666667 -1.000000
0.333333 1.666667 3.000000
0.333333 3.000000 -1.000000
0.333333 3.000000 0.333333
0.333333 3.000000 1.666667
0.333333 3.000000 3.000000
1.666667 -1.000000 -1.000000
1.666667 -1.000000 0.333333
1.666667 -1.000000 1.666667
1.666667 -1.000000 3.000000
1.666667 0.333333 -1.000000
1.666667 0.333333 3.000000
1.666667 1.666667 -1.000000
1.666667 1.666667 3.000000
1.666667 3.000000 -1.000000
1.666667 3.000000 0.333333
1.666667 3.000000 1.666667
1.666667 3.000000 3.000000
3.000000 -1.000000 -1.000000
3.000000 -1.000000 0.333333
3.000000 -1.000000 1.666667
3.000000 -1.000000 3.000000
3.000000 0.333333 -1.000000
3.000000 0.333333 0.333333
3.000000 0.333333 1.666667
3.000000 0.333333 3.000000
3.000000 1.666667 -1.000000
3.000000 1.666667 0.333333
3.000000 1.666667 1.666667
3.000000 1.666667 3.000000
3.000000 3.000000 -1.000000
3.000000 3.000000 0.333333
3.000000 3.000000 1.666667
3.000000 3.000000 3.000000
