-1.400000 -1.400000 -1.400000
-1.400000 -1.400000 -0.466667
-1.400000 -1.400000 0.466667
-1.400000 -1.400000 1.400000
-1.400000 -0.466667 -1.400000
-1.400000 -0.466667 -0.466667
-1.400000 -0.466667 0.466667
-1.400000 -0.466667 1.400000
-1.400000 0.466667 -1.400000
-1.400000 0.466667 -0.466667
-1.400000 0.466667 0.466667
-1.400000 0.466667 1.400000
-1.400000 1.400000 -1.400000
-1.400000 1.400000 -0.466667
-1.400000 1.400000 0.466667
-1.400000 1.400000 1.400000
-0.466667 -1.400000 -1.400000
-0.466667 -1.400000 -0.466667
-0.466667 -1.400000 0.466667
-0.466667 -1.400000 1.400000
-0.466667 -0.466667 -1.400000
-0.466667 -0.466667 1.400000
-0.466667 0.466667 -1.400000
-0.466667 0.466667 1.400000
-0.466667 1.400000 -1.400000
-0.466667 1.400000 -0.466667
-0.466667 1.400000 0.466667
-0.466667 1.400000 1.400000
0.466667 -1.400000 -1.400000
0.466667 -1.400000 -0.466667
0.466667 -1.400000 0.466667
0.466667 -1.400000 1.400000
0.466667 -0.466667 -1.400000
0.466667 -0.466667 1.400000
0.466667 0.466667 -1.400000
0.466667 0.466667 1.400000
0.466667 1.400000 -1.400000
0.466667 1.400000 -0.466667
0.466667 1.400000 0.466667
0.466667 1.400000 1.400000
1.400000 -1.400000 -1.400000
1.400000 -1.400000 -0.466667
1.400000 -1.400000 0.466667
1.400000 -1.400000 1.400000
1.400000 -0.466667 -1.400000
1.400000 -0.466667 -0.466667
1.400000 -0.466667 0.466667
1.400000 -0.466667 1.400000
1.400000 0.466667 -1.400000
1.400000 0.466667 -0.466667
1.400000 0.466667 0.466667
1.400000 0.466667 1.400000
1.400000 1.400000 -1.400000
1.400000 1.400000 -0.466667
1.400000 1.400000 0.466667
1.400000 1.400000 1.400000
